[-3,-1,0]
-1,0,-1,1|||uid://kxdx4j60jq6a
[0,0,0]
0,-1,0,1|||
[0,1,0]
0,-1,0,-1|||
[0,2,0]
0,0,0,-1|||
[0,-1,0]
1,1,-1,0|||uid://c0vrm2n1pdkuq
[-4,-1,0]
-1,0,-1,0|||uid://kxdx4j60jq6a
[1,-1,0]
0,0,1,0|00ff00,,,,||
[-7,-1,0]
-1,0,0,0|||
[-2,-1,0]
1,0,-1,0|||uid://kxdx4j60jq6a
[-1,-1,0]
-1,0,1,0|||uid://c0vrm2n1pdkuq
[-6,-1,0]
1,0,-1,0|||
[-5,-1,0]
-1,1,1,0|||uid://kxdx4j60jq6a
[-5,0,0]
0,-1,0,1|||
[-5,1,0]
0,-1,0,-1|||
[-5,2,0]
0,-1,0,-1|||
[-5,3,0]
0,0,0,-1|||
[-3,-6,0]
0,-1,0,0|||
[-3,-5,0]
0,-1,0,-1|||
[-3,-4,0]
0,-1,0,-1|||
[-3,-3,0]
0,-1,0,-1|||
[-3,-2,0]
0,0,0,-1|||
[-4,-7,0]
-1,0,0,0|||
[-3,-7,0]
-1,0,-1,0|||
[-2,-7,0]
-1,0,-1,0|||
[-1,-7,0]
-1,0,-1,0|||
[0,-7,0]
1,0,-1,0|||
[1,-7,0]
-1,0,1,0|||
[2,-7,0]
0,0,-1,0|||
[0,-6,0]
-1,0,0,0|||
[1,-6,0]
-1,1,-1,0|||
[2,-6,0]
0,0,-1,0|||
[0,-5,0]
-1,0,0,0|||
[1,-5,0]
-1,0,-1,1|||
[2,-5,0]
-1,0,-1,0|||
[3,-5,0]
0,0,-1,0|||
[4,-8,0]
0,-1,0,-1|||
[4,-7,0]
0,-1,0,-1|||
[4,-6,0]
1,-1,0,-1|||
[4,-5,0]
0,-1,0,-1|||
[4,-4,0]
0,0,0,-1|||
[5,-6,0]
0,0,1,0|00ff00,,,,||
[4,-9,0]
0,-1,1,0|||
[3,-9,0]
1,0,-1,-1|ff0000,,,,||
[2,-10,0]
-1,-1,0,0|ff0000,,,,||
[3,-10,0]
0,-1,-1,0|ff0000,,,,||
[2,-9,0]
-1,0,0,-1|ff0000,,,,||
